0.000000 0.000000 -3.209053 0.000000 0.000000 0.000000 0.000000 0.000000 0.000000
10.000000 0.000000 -2.769720 0.000000 0.000000 0.000000 0.000000 0.000000 0.000000
20.000000 0.000000 -2.650803 0.000000 0.000000 0.000000 0.000000 0.000000 0.000000
30.000000 0.000000 -2.446001 0.000000 0.000000 0.000000 0.000000 0.000000 0.000000
40.000000 0.000000 -1.953817 0.000000 0.000000 0.000000 0.000000 0.000000 0.000000
50.000000 0.000000 -1.388960 0.000000 0.000000 0.000000 0.000000 0.000000 0.000000
60.000000 0.000000 -0.850530 0.000000 0.000000 0.000000 0.000000 0.000000 0.000000
70.000000 0.000000 -0.447533 0.000000 0.000000 0.000000 0.000000 0.000000 0.000000
70.000000 10.000000 -1.128003 0.000000 0.000000 0.000000 0.000000 0.000000 0.000000
60.000000 10.000000 -1.471542 0.000000 0.000000 0.000000 0.000000 0.000000 0.000000
50.000000 10.000000 -1.848113 0.000000 0.000000 0.000000 0.000000 0.000000 0.000000
40.000000 10.000000 -2.290749 0.000000 0.000000 0.000000 0.000000 0.000000 0.000000
30.000000 10.000000 -2.789540 0.000000 0.000000 0.000000 0.000000 0.000000 0.000000
20.000000 10.000000 -3.248692 0.000000 0.000000 0.000000 0.000000 0.000000 0.000000
10.000000 10.000000 -3.450190 0.000000 0.000000 0.000000 0.000000 0.000000 0.000000
0.000000 10.000000 -3.668205 0.000000 0.000000 0.000000 0.000000 0.000000 0.000000
0.000000 20.000000 -4.193422 0.000000 0.000000 0.000000 0.000000 0.000000 0.000000
10.000000 20.000000 -3.912646 0.000000 0.000000 0.000000 0.000000 0.000000 0.000000
20.000000 20.000000 -3.549288 0.000000 0.000000 0.000000 0.000000 0.000000 0.000000
30.000000 20.000000 -3.209053 0.000000 0.000000 0.000000 0.000000 0.000000 0.000000
40.000000 20.000000 -2.848998 0.000000 0.000000 0.000000 0.000000 0.000000 0.000000
50.000000 20.000000 -2.528583 0.000000 0.000000 0.000000 0.000000 0.000000 0.000000
60.000000 20.000000 -2.148709 0.000000 0.000000 0.000000 0.000000 0.000000 0.000000
70.000000 20.000000 -1.808474 0.000000 0.000000 0.000000 0.000000 0.000000 0.000000
70.000000 30.000000 -2.370027 0.000000 0.000000 0.000000 0.000000 0.000000 0.000000
60.000000 30.000000 -2.769720 0.000000 0.000000 0.000000 0.000000 0.000000 0.000000
50.000000 30.000000 -3.090136 0.000000 0.000000 0.000000 0.000000 0.000000 0.000000
40.000000 30.000000 -3.370912 0.000000 0.000000 0.000000 0.000000 0.000000 0.000000
30.000000 30.000000 -3.671508 0.000000 0.000000 0.000000 0.000000 0.000000 0.000000
20.000000 30.000000 -3.972104 0.000000 0.000000 0.000000 0.000000 0.000000 0.000000
10.000000 30.000000 -4.289217 0.000000 0.000000 0.000000 0.000000 0.000000 0.000000
0.000000 30.000000 -4.569993 0.000000 0.000000 0.000000 0.000000 0.000000 0.000000
0.000000 40.000000 -4.930048 0.000000 0.000000 0.000000 0.000000 0.000000 0.000000
10.000000 40.000000 -4.612936 0.000000 0.000000 0.000000 0.000000 0.000000 0.000000
20.000000 40.000000 -4.328856 0.000000 0.000000 0.000000 0.000000 0.000000 0.000000
30.000000 40.000000 -4.031563 0.000000 0.000000 0.000000 0.000000 0.000000 0.000000
40.000000 40.000000 -3.787122 0.000000 0.000000 0.000000 0.000000 0.000000 0.000000
50.000000 40.000000 -3.529469 0.000000 0.000000 0.000000 0.000000 0.000000 0.000000
60.000000 40.000000 -3.271815 0.000000 0.000000 0.000000 0.000000 0.000000 0.000000
70.000000 40.000000 -2.872121 0.000000 0.000000 0.000000 0.000000 0.000000 0.000000
70.000000 50.000000 -3.149594 0.000000 0.000000 0.000000 0.000000 0.000000 0.000000
60.000000 50.000000 -3.489829 0.000000 0.000000 0.000000 0.000000 0.000000 0.000000
50.000000 50.000000 -3.750786 0.000000 0.000000 0.000000 0.000000 0.000000 0.000000
40.000000 50.000000 -4.011743 0.000000 0.000000 0.000000 0.000000 0.000000 0.000000
30.000000 50.000000 -4.292520 0.000000 0.000000 0.000000 0.000000 0.000000 0.000000
20.000000 50.000000 -4.612936 0.000000 0.000000 0.000000 0.000000 0.000000 0.000000
10.000000 50.000000 -4.890409 0.000000 0.000000 0.000000 0.000000 0.000000 0.000000
0.000000 50.000000 -5.151366 0.000000 0.000000 0.000000 0.000000 0.000000 0.000000
0.000000 60.000000 -5.329742 0.000000 0.000000 0.000000 0.000000 0.000000 0.000000
10.000000 60.000000 -5.009326 0.000000 0.000000 0.000000 0.000000 0.000000 0.000000
20.000000 60.000000 -4.688910 0.000000 0.000000 0.000000 0.000000 0.000000 0.000000
30.000000 60.000000 -4.371798 0.000000 0.000000 0.000000 0.000000 0.000000 0.000000
40.000000 60.000000 -4.074505 0.000000 0.000000 0.000000 0.000000 0.000000 0.000000
50.000000 60.000000 -3.833368 0.000000 0.000000 0.000000 0.000000 0.000000 0.000000
60.000000 60.000000 -3.516256 0.000000 0.000000 0.000000 0.000000 0.000000 0.000000
70.000000 60.000000 -3.195840 0.000000 0.000000 0.000000 0.000000 0.000000 0.000000
70.000000 70.000000 -3.129775 0.000000 0.000000 0.000000 0.000000 0.000000 0.000000
60.000000 70.000000 -3.433674 0.000000 0.000000 0.000000 0.000000 0.000000 0.000000
50.000000 70.000000 -3.770606 0.000000 0.000000 0.000000 0.000000 0.000000 0.000000
40.000000 70.000000 -4.071202 0.000000 0.000000 0.000000 0.000000 0.000000 0.000000
30.000000 70.000000 -4.391618 0.000000 0.000000 0.000000 0.000000 0.000000 0.000000
20.000000 70.000000 -4.715336 0.000000 0.000000 0.000000 0.000000 0.000000 0.000000
10.000000 70.000000 -5.035752 0.000000 0.000000 0.000000 0.000000 0.000000 0.000000
0.000000 70.000000 -5.389200 0.000000 0.000000 0.000000 0.000000 0.000000 0.000000
